518
455
9
437
22
260
23
539
541
120
279
38
46
722
47
175
853
572
112
703
619
227
579
584
821
595
596
803
927
600
86
94
99
613
298
457
103
618
619
503
625
627
28
22
288
118
922
124
126
952
998
982
337
940
654
885
146
149
152
167
668
330
136
162
676
208
705
304
500
339
399
689
899
692
698
108
497
192
236
708
750
711
645
808
318
722
818
220
806
224
755
250
292
744
743
641
345
958
768
316
596
247
249
104
251
765
766
253
80
110
263
265
777
780
268
207
273
612
772
801
216
292
308
295
122
299
306
276
312
314
614
388
318
319
832
710
324
839
988
330
332
336
381
856
858
353
568
117
635
953
873
628
395
877
358
23
794
920
624
359
459
903
307
786
399
925
918
487
930
419
932
420
935
936
135
434
52
999
438
953
954
962
16
454
31
595
509
974
464
976
462
474
481
880
86
485
999
214
79
690
