4102
12
8866
9001
2078
1490
4140
9504
58
7088
6207
11
461
8106
7355
8281
91
1613
8995
131
2305
4990
2229
2214
6313
8367
894
5827
2241
9864
2257
4307
219
2001
4336
4338
243
3471
245
5721
6414
2333
286
6134
295
6679
2660
2407
6459
4417
6467
326
4422
4436
5759
8545
6498
4452
1965
3812
378
349
388
7571
4515
6572
3537
1363
8382
5876
8523
4564
1130
5713
952
8694
5063
592
9257
4616
4619
7206
4631
8736
2596
6750
8759
2625
5032
8803
3739
3695
4738
644
4385
3110
2705
8664
9110
4581
6822
8273
6827
1792
4461
4799
715
2771
2060
732
8268
7614
4837
6886
746
8518
4854
6909
6912
9595
4875
7648
5688
4931
6983
6984
5363
2911
5202
7715
4967
2921
9077
7
9080
4989
915
5656
4262
5016
6452
9119
942
5392
4965
8552
3005
7104
3014
3327
4600
7113
5079
5082
986
9320
5099
1544
5107
1714
5299
7186
3108
6420
4558
1070
5170
9076
9062
9269
3129
3137
3140
5194
5109
5755
3158
3168
7290
5251
7821
5260
2136
7188
3822
7826
2594
5338
4023
7402
7714
1270
5383
3339
1295
9494
2232
3358
1319
1323
7469
5426
3384
5461
6646
6900
9576
3448
3442
3451
3088
1446
1462
737
267
3485
9542
3501
1455
1672
3507
3515
9661
2079
5601
3557
2192
8702
7657
6061
3574
8610
5772
3325
2764
5644
8634
7701
227
9749
5014
7730
3979
5314
6208
9814
1622
3673
5426
1626
9818
180
3683
7232
2854
7794
1888
5758
7812
7818
1785
7827
5791
9141
8892
1710
2868
7866
5821
4099
3779
5837
1742
5841
1759
3815
9961
5704
3820
9693
6287
1806
5905
1845
515
7967
9077
197
1784
1846
3898
8003
4809
5960
3912
1878
3926
4474
3935
8037
3479
6001
6018
1923
8107
1933
8084
5181
4544
1697
1647
2908
9876
3169
3857
9679
3216
4071
9187
