512
103
175
38
899
780
381
434
503
531
345
974
936
124
628
737
842
922
708
27
80
265
320
940
554
832
710
741
839
641
189
765
613
420
388
487
858
730
455
138
689
402
358
308
806
580
94
999
753
389
920
47
589
78
593
227
216
772
268
676
757
316
801
794
96
23
28
908
615
247
467
260
954
437
31
935
214
295
925
624
877
136
112
137
25
786
279
148
108
539
818
816
298
118
750
99
625
654
110
292
246
177
74
79
690
180
183
485
16
698
122
595
188
135
312
998
614
713
203
46
982
306
481
600
596
152
156
304
885
808
880
86
758
236
20
144
744
668
766
846
307
474
273
339
319
561
779
267
509
743
988
154
716
336
579
700
250
275
314
330
276
930
873
932
953
962
584
288
258
913
305
192
853
294
722
824
311
823
645
828
263
22
327
619
952
117
518
777
419
618
927
120
903
856
568
399
705
352
627
457
459
803
454
368
462
375
755
791
208
251
404
976
136
391
572
324
249
500
220
711
920
207
134
299
353
764
965
412
162
928
931
149
332
703
146
437
958
395
438
9
962
224
276
970
606
698
52
271
337
359
465
466
541
635
612
470
980
126
472
318
823
476
634
950
484
269
464
253
326
491
167
918
692
856
497
104
768
821
